32577790 382,71 3409x1890
162996676 85,0 2485x2134
14166048 4785,260 2035x1819
218570800 85,0 2260x2079
25625634 85,0 2035x2079
25568480 85,0 2035x2079
16195324 85,0 2035x2079
38542272 5082,115 2148x1964
22618798 175,90 1405x1504
58133114 413,164 2232x1915
23470690 220,170 2485x1909
21764652 682,152 2260x1796
11405768 3987,161 2413x1871
26023278 741,93 1659x1954
47777686 130,90 1810x1909
13699800 6248,621 732x1351
61084844 520,478 1508x1507
8725532 1009,73 1405x1954
30151908 5213,728 732x1351
3869434 5213,728 732x1351
27596036 4268,353 2721x1726
2034410 1105,317 1337x1351
27856066 752,498 1611x1581
38341216 1383,297 2350x1594
38669020 5276,769 2035x2079
55643662 -54,238 3850x2086

