=== V3e - mechanism of the remaining lost crossings ===
  n=8 body=290 span=200 baseZ=0
  ray z=248,571732 dir=(0,95394,0,-0,3)
  emitted: 314,4854I 550,3496O 
  truth  : 314,4854 550,3496 552,3819 576,5567 
  breakpoints: 8 -> 7 slabs

  MISSED span [552,3819, 576,5567]  width 24,1747 px
  walking the slab-wide skip test backwards from the span:
      rayT         x         z          d      zeta  slab tauMinSlab tauMaxSlab       gapIn      skip
  512,3819    88,781   94,8571  -111,2188  0,327094     2   0,250000   0,375000     36,2188 SOLID 37,968
  514,3819    90,689   94,2571  -109,3109  0,325025     2   0,250000   0,375000     34,3109 SOLID 35,968
  516,3819    92,597   93,6571  -107,4030  0,322956     2   0,250000   0,375000     32,4030 SOLID 33,968
  518,3819    94,505   93,0571  -105,4951  0,320887     2   0,250000   0,375000     30,4951 SOLID 31,968
  520,3819    96,413   92,4571  -103,5872  0,318818     2   0,250000   0,375000     28,5872 SOLID 29,968
  522,3819    98,321   91,8571  -101,6794  0,316749     2   0,250000   0,375000     26,6794 SOLID 27,968
  524,3819   100,229   91,2571   -99,7715  0,314680     2   0,250000   0,375000     24,7715 SOLID 25,968
  526,3819   102,136   90,6571   -97,8636  0,312611     2   0,250000   0,375000     22,8636 SOLID 23,968
  528,3819   104,044   90,0571   -95,9557  0,310542     2   0,250000   0,375000     20,9557 SOLID 21,968
  530,3819   105,952   89,4571   -94,0479  0,308473     2   0,250000   0,375000     19,0479 SOLID 19,968
  532,3819   107,860   88,8571   -92,1400  0,306404     2   0,250000   0,375000     17,1400 SOLID 17,968
  534,3819   109,768   88,2571   -90,2321  0,304335     2   0,250000   0,375000     15,2321 SOLID 15,968
  536,3819   111,676   87,6571   -88,3242  0,302266     2   0,250000   0,375000     13,3242 SOLID 13,968
  538,3819   113,584   87,0571   -86,4163  0,300197     2   0,250000   0,375000     11,4163 SOLID 11,968
  540,3819   115,492   86,4571   -84,5085  0,298128     2   0,250000   0,375000      9,5085 SOLID 9,968
  542,3819   117,399   85,8571   -82,6006  0,296059     2   0,250000   0,375000      7,6006 SOLID 7,968
  544,3819   119,307   85,2571   -80,6927  0,293990     2   0,250000   0,375000      5,6927 SOLID 5,968
  546,3819   121,215   84,6571   -78,7849  0,291921     2   0,250000   0,375000      3,7849 SOLID 3,968
  548,3819   123,123   84,0571   -76,8770  0,289852     2   0,250000   0,375000      1,8770 SOLID 1,968
  550,3819   125,031   83,4571   -74,9691  0,287783     2   0,250000   0,375000     -0,0309         -
  552,3819   126,939   82,8571   -73,0612  0,285714     1   0,125000   0,250000     23,0612 SOLID 24,175
  554,3819   128,847   82,2571   -71,1533  0,283645     1   0,125000   0,250000     21,1533 SOLID 22,175
  556,3819   130,755   81,6571   -69,2454  0,281576     1   0,125000   0,250000     19,2454 SOLID 20,175
  558,3819   132,662   81,0571   -67,3376  0,279507     1   0,125000   0,250000     17,3376 SOLID 18,175
  560,3819   134,570   80,4571   -65,4297  0,277438     1   0,125000   0,250000     15,4297 SOLID 16,175
  562,3819   136,478   79,8571   -63,5218  0,275369     1   0,125000   0,250000     13,5218 SOLID 14,175
  564,3819   138,386   79,2571   -61,6140  0,273300     1   0,125000   0,250000     11,6140 SOLID 12,175
  566,3819   140,294   78,6571   -59,7061  0,271232     1   0,125000   0,250000      9,7061 SOLID 10,175
  568,3819   142,202   78,0571   -57,7982  0,269163     1   0,125000   0,250000      7,7982 SOLID 8,175
  570,3819   144,110   77,4571   -55,8903  0,267094     1   0,125000   0,250000      5,8903 SOLID 6,175
  572,3819   146,018   76,8571   -53,9824  0,265025     1   0,125000   0,250000      3,9824 SOLID 4,175
  574,3819   147,925   76,2571   -52,0745  0,262956     1   0,125000   0,250000      2,0745 SOLID 2,175
  576,3819   149,833   75,6571   -50,1666  0,260887     1   0,125000   0,250000      0,1666 SOLID 0,175
  578,3819   151,741   75,0571   -48,2588  0,258818     1   0,125000   0,250000     -1,7412         -

  the soundness question: inside slab k, does t >= tauMax(zetaHi) really imply solid?
  For Stepped, G is a STAIRCASE in t, so G(t) >= zetaHi holds - but the point's OWN zeta
  must also be <= G(t), and the skip only bounds zeta by the SLAB's top, not by G(t).
    slab 0 zeta in [0,000000, 0,142857]  tauMax=0,125000  G(tauMax)=0,142857   ok
    slab 1 zeta in [0,142857, 0,285714]  tauMax=0,250000  G(tauMax)=0,285714   ok
    slab 2 zeta in [0,285714, 0,428571]  tauMax=0,375000  G(tauMax)=0,428571   ok
    slab 3 zeta in [0,428571, 0,571429]  tauMax=0,500000  G(tauMax)=0,571429   ok
    slab 4 zeta in [0,571429, 0,714286]  tauMax=0,625000  G(tauMax)=0,714286   ok
    slab 5 zeta in [0,714286, 0,857143]  tauMax=0,750000  G(tauMax)=0,857143   ok
    slab 6 zeta in [0,857143, 1,000000]  tauMax=0,875000  G(tauMax)=1,000000   ok
