
=== W4D - 'G nearly zero' (FIX-REPORT-2 open question 3): smallest POSITIVE G per technique ===
  technique    curve   min positive G           at t   thickness (px)
  Flat           0,2      1,0000E+000     0,000E+000      3,0000E+002
  Flat             1      1,0000E+000     0,000E+000      3,0000E+002
  Flat             4      1,0000E+000     0,000E+000      3,0000E+002
  Linear         0,2      1,0000E+000     0,000E+000      3,0000E+002
  Linear           1      1,0000E+000     0,000E+000      3,0000E+002
  Linear           4      1,0000E+000     0,000E+000      3,0000E+002
  Stepped        0,2      3,3333E-001     2,500E-001      1,0000E+002
  Stepped          1      3,3333E-001     2,500E-001      1,0000E+002
  Stepped          4      3,3333E-001     2,500E-001      1,0000E+002
  Dome           0,2      1,4013E-045     5,012E-019      4,2039E-043
  Dome             1      1,4142E-020     1,000E-040      4,2426E-018
  Dome             4      1,0905E-005     1,000E-040      3,2715E-003
  Round          0,2      1,4013E-045     1,000E-018      4,2039E-043
  Round            1      1,0000E-020     1,000E-040      3,0000E-018
  Round            4      1,0000E-005     1,000E-040      3,0000E-003
  Taper          0,2      1,6667E-040     1,000E-040      5,0000E-038
  Taper            1      1,6667E-040     1,000E-040      5,0000E-038
  Taper            4      1,6667E-040     1,000E-040      5,0000E-038
  Pyramid        0,2      9,9999E-041     1,000E-040      3,0000E-038
  Pyramid          1      9,9999E-041     1,000E-040      3,0000E-038
  Pyramid          4      9,9999E-041     1,000E-040      3,0000E-038
