caption	ownW	capNeed	capHave	valText	valNeed	valHave	numDisp	numText	numNeed	numHave
Size	150.22	22.22	92.89		0	0	True	64	15.56	35.11
PPU	149.78	22.22	93.33	64	14.22	14.22	False	0	7.56	0
Frames	150.22	38.67	92.89		0	0	True	26	15.11	35.11
Hue	150.22	21.33	92.89	0	7.11	7.11	False	0	7.56	0
Saturation	149.78	53.78	93.33	1	5.33	5.33	False	0	7.56	0
Brightness	150.22	55.56	92.89	1	5.33	5.33	False	0	7.56	0
Contrast	150.22	45.33	92.89	1	5.33	5.33	False	0	7.56	0
Phase	149.78	32	93.33	0	7.11	7.11	False	0	7.56	0
Quantise	150.22	46.22	92.89		0	0	True	0	7.56	35.11
Size	190.22	22.22	113.33		0	0	True	1.366666	53.33	53.33
Alpha	148.89	29.78	92	0.21	21.78	21.78	False	0	7.56	0
Size (px)	148.89	45.33	92	1	5.33	5.33	False	0	7.56	0
Edge	170.22	26.67	112.89	0.14	20.89	20.89	False	0	7.56	0
Spin °	170.22	31.11	112.89	0	7.11	7.11	False	0	7.56	0
Count	150.22	31.56	92.89		0	0	True	11	11.56	35.11
Particle life	149.78	58.22	93.33	0.49	23.56	23.56	False	0	7.56	0
Spawn timing	148.89	70.67	92	0.43	24	24	False	0	7.56	0
Distribution	150.22	60	92.89	0.54	23.56	23.56	False	0	7.56	0
Spawn order	149.78	66.22	93.33	0.39	23.56	23.56	False	0	7.56	0
Scale by index	170.22	75.56	112.89	1	5.33	5.33	False	0	7.56	0
Scale (px)	170.22	52	112.89	18	12	12	False	0	7.56	0
Snap	150.22	26.67	92.89	0	7.11	7.11	False	0	7.56	0
Spawner turn °	170.22	78.22	112.89	0	7.11	7.11	False	0	7.56	0
Spawner tilt °	170.22	70.22	112.89	0	7.11	7.11	False	0	7.56	0
Spawner roll °	170.22	72.89	112.89	0	7.11	7.11	False	0	7.56	0
Swarm turn °	170.22	68	112.89	0	7.11	7.11	False	0	7.56	0
Swarm tilt °	170.22	60.44	112.89	0	7.11	7.11	False	0	7.56	0
Swarm roll °	170.22	63.11	112.89	0	7.11	7.11	False	0	7.56	0
Swarm scale	170.22	66.22	112.89	1	5.33	5.33	False	0	7.56	0
Radius	150.22	35.11	92.89	2	6.67	6.67	False	0	7.56	0
Threshold	150.22	52.44	92.89	0.68	23.11	23.11	False	0	7.56	0
Softness	150.22	46.22	92.89	0.62	23.11	23.11	False	0	7.56	0
Color Bleed	150.22	60.44	92.89	0.56	23.11	23.11	False	0	7.56	0
Amplitude	150.22	52.89	92.89	9.2	16.44	16.44	False	0	7.56	0
Zoom	150.22	29.78	92.89	12	12	12	False	0	7.56	0
Rotation	128.89	43.56	72	-221	23.56	23.56	False	0	7.56	0
Offset X	150.22	42.67	92.89	11	10.22	10.22	False	0	7.56	0
Offset Y	150.22	42.67	92.89	0	7.11	7.11	False	0	7.56	0
Warp	150.22	27.11	92.89	0.39	23.56	23.56	False	0	7.56	0
GIF scale	149.78	48	93.33	4	7.11	7.11	False	0	7.56	0
Zoom	149.78	29.78	93.33	1	5.33	5.33	False	0	7.56	0
Speed	149.78	33.78	93.33		0	0	True	12	12.89	35.56
Delay	150.22	29.33	92.89	2.16	20.89	20.89	False	0	7.56	0
Zoom	149.78	29.78	93.33	1.3	14.67	14.67	False	0	7.56	0
